20220628001 231
20220628002 78
20220628003 126
20220628004 118
20220628005 98
20220628006 81
20220628007 223
20220628008 84
20220628009 94
20220628010 54
20220628011 108
20220628012 78
20220628013 98
20220628014 108
20220628015 83
20220628016 103
20220628017 105
20220628018 77
20220628019 67
20220628020 70
20220628021 149
20220628022 73
20220628023 77
20220628024 90
20220628025 148
20220628026 37
20220628027 113
20220628028 107
20220628029 114
20220628030 100
20220628031 102
20220628032 87
20220628033 66
20220628034 80
20220628035 95
20220628036 135
20220628037 82
20220628038 120
20220628039 102
20220628040 95
20220628041 100
20220628042 106
20220628043 76
20220628044 75
20220628045 104
20220628046 91
20220628047 69
20220628048 118
20220628049 108
20220628050 89
20220628051 91
20220628052 118
20220628053 88
20220628054 129
20220628055 79
20220628056 68
20220628057 74
20220628058 139
20220628059 97
20220628060 110
20220628061 79
20220628062 70
20220628063 129
20220628064 105
20220628065 190
20220628066 102
20220628067 88
20220628068 79
20220628069 82
20220628070 63
20220628071 171
20220628072 116
20220628073 121
20220628074 109
20220628075 76
20220628076 62
20220628077 104
20220628078 107
20220628079 111
20220628080 73
20220628081 152
20220628082 104
20220628083 210
20220628084 96
20220628085 91
20220628086 77
20220628087 86
20220628088 102
20220628089 78
20220628090 84
20220628091 89
20220628092 69
20220628093 75
20220628094 80
20220628095 143
20220628096 100
20220628097 127
20220628098 95
20220628099 98
20220628100 98
20220628101 76
20220628102 73
20220628103 95
20220628104 94
20220628105 91
20220628106 97
20220628107 99
20220628108 82
20220628109 94
20220628110 109
20220628111 108
20220628112 103
20220628113 118
20220628114 112
20220628115 74
20220628116 82
20220628117 68
20220628118 82
20220628119 63
20220628120 60
20220628121 80
20220628122 104
20220628123 79
20220628124 83
20220628125 77
20220628126 78
20220628127 85
20220628128 89
20220628129 80
20220628130 73
20220628131 85
20220628132 80
20220628133 76
20220628134 78
20220628135 67
20220628136 71
20220628137 60
20220628138 70
20220628139 90
20220628140 87
20220628141 74
20220628142 81
20220628143 78
20220628144 99
20220628145 72
20220628146 79
20220628147 76
20220628148 86
20220628149 63
20220628150 82
20220628151 78
20220628152 61
20220628153 68
20220628154 70
20220628155 85
20220628156 76
20220628157 111
20220628158 81
20220628159 68
20220628160 64
20220628161 65
20220628162 73
20220628163 74
20220628164 109
20220628165 72
20220628166 69
20220628167 77
20220628168 84
20220628169 82
20220628170 88
20220628171 70
20220628172 65
20220628173 109
20220628174 103
20220628175 68
20220628176 83
20220628177 81
20220628178 73
20220628179 73
20220628180 88
20220628181 136
20220628182 73
20220628183 299
20220628184 94
20220628185 87
20220628186 88
20220628187 83
20220628188 69
20220628189 70
20220628190 69
20220628191 73
20220628192 78
20220628193 139
20220628194 116
20220628195 89
20220628196 109
20220628197 67
20220628198 86
20220628199 83
20220628200 129
20220628201 96
20220628202 114
20220628203 110
20220628204 77
20220628205 64
20220628206 83
20220628207 91
20220628208 84
20220628209 103
20220628210 72
20220628211 78
20220628212 94
20220628213 68
20220628214 103
20220628215 76
20220628216 86
20220628217 110
20220628218 77
20220628219 108
20220628220 95
20220628221 93
20220628222 73
20220628223 105
20220628224 79
20220628225 67
20220628226 70
20220628227 64
20220628228 98
20220628229 71
20220628230 72
20220628231 92
20220628232 71
20220628233 62
20220628234 96
20220628235 71
20220628236 65
20220628237 55
20220628238 82
20220628239 63
20220628240 57
20220628241 76
20220628242 72
20220628243 70
20220628244 67
20220628245 75
20220628246 61
20220628247 60
20220628248 60
20220628249 67
20220628250 58
20220628251 83
20220628252 68
20220628253 62
20220628254 69
20220628255 86
20220628256 72
20220628257 84
20220628258 76
20220628259 164
20220628260 109
20220628261 82
20220628262 116
20220628263 104
20220628264 83
20220628265 121
20220628266 79
20220628267 112
20220628268 97
20220628269 60
20220628270 102
20220628271 77
20220628272 91
20220628273 86
20220628274 81
20220628275 75
20220628276 78
20220628277 81
20220628278 81
20220628279 74
20220628280 78
20220628281 80
20220628282 78
20220628283 77
20220628284 84
