20220628008 6.2580547 6.642677
20220628012 5.7917705 6.2946315
20220628013 4.8390145 5.31898
20220628016 4.2029414 4.6746645
20220628020 2.3657658 2.956264
20220628022 2.7493808 3.3709466
20220628036 3.763368 4.2460704
20220628039 3.645719 4.119144
20220628043 2.9779234 3.5124633
20220628045 3.2537513 3.7516932
20220628052 5.1312437 5.727512
20220628060 2.232202 2.8051183
20220628064 3.5795553 3.909156
20220628065 2.6161313 2.936216
20220628071 1.3948945 1.6538874
20220628072 1.2664317 1.5515056
20220628081 1.7448475 2.042614
20220628086 2.4973018 2.8034177
20220628088 1.9755577 2.2731059
20220628092 1.6672943 1.9166199
20220628101 2.3604991 2.7485735
20220628102 2.9116716 3.2839296
20220628106 1.7497194 1.9892061
20220628107 3.316066 3.547221
20220628108 1.304391 1.5881864
20220628109 2.4374108 2.6822183
20220628110 1.9049039 2.1581814
20220628115 3.984616 4.396172
20220628116 3.885987 4.155679
20220628119 2.1377094 2.3829849
20220628122 3.0672534 3.3224244
20220628126 2.171074 2.4253366
20220628137 2.2549326 2.6806302
20220628153 2.025274 2.2803667
20220628162 3.2975059 3.9135451
20220628165 3.5938408 4.1583915
20220628169 4.181191 4.7394266
20220628175 12.651676 13.265732
20220628186 3.8829572 4.503099
20220628198 4.965135 5.5117583
20220628202 1.8723086 2.4463332
20220628205 3.3509452 3.92458
20220628218 2.9549818 3.6060946
20220628222 2.61604 3.2126265
20220628223 4.166618 4.744188
20220628224 2.853682 3.4331748
20220628227 4.026255 4.584449
20220628239 3.0652184 3.6959226
20220628242 4.4145694 5.03261
20220628253 4.6007376 5.173795
20220628257 4.638469 5.2538
20220628258 4.0568805 4.6543403
