20220628008 188 197
20220628012 174 189
20220628013 146 160
20220628016 127 140
20220628020 72 89
20220628022 84 102
20220628036 114 125
20220628039 111 121
20220628043 90 106
20220628045 100 111
20220628052 155 172
20220628060 68 86
20220628064 108 118
20220628065 79 89
20220628071 43 50
20220628072 39 47
20220628081 53 62
20220628086 75 88
20220628088 61 69
20220628092 51 58
20220628101 72 81
20220628102 89 97
20220628106 53 60
20220628107 100 106
20220628108 40 48
20220628109 74 81
20220628110 58 65
20220628115 120 128
20220628116 117 125
20220628119 65 71
20220628122 93 100
20220628126 66 73
20220628137 68 76
20220628153 62 69
20220628162 100 119
20220628165 109 126
20220628169 127 143
20220628175 381 399
20220628186 118 136
20220628198 150 166
20220628202 58 74
20220628205 102 118
20220628218 90 108
20220628222 80 97
20220628223 127 142
20220628224 87 103
20220628227 122 138
20220628239 94 111
20220628242 134 152
20220628253 140 156
20220628257 140 159
20220628258 123 140
